[[[[0.         1.         0.9936353  ... 0.3186684  0.66854364
    0.78976107]
   [0.         1.         0.16005185 ... 0.41171736 0.6654788
    0.71629506]
   [0.         1.         0.12538078 ... 3.9701252  5.0702887
    5.2694483 ]
   ...
   [0.         0.         0.         ... 0.         0.
    0.        ]
   [0.         0.         0.         ... 0.         0.
    0.        ]
   [0.         0.         0.         ... 0.         0.
    0.        ]]]]
[[[[0.         1.         0.99279    ... 0.31971717 0.66813195
    0.7909967 ]
   [0.         1.         0.14776345 ... 0.41126102 0.66321087
    0.7183868 ]
   [0.         1.         0.12540396 ... 3.9702287  5.070266
    5.269569  ]
   ...
   [0.         0.         0.         ... 0.         0.
    0.        ]
   [0.         0.         0.         ... 0.         0.
    0.        ]
   [0.         0.         0.         ... 0.         0.
    0.        ]]]]
[[[[0.         1.         0.9925989  ... 0.32244456 0.6677945
    0.7909372 ]
   [0.         1.         0.15737885 ... 0.41237974 0.6625502
    0.71328926]
   [0.         1.         0.1254757  ... 3.9702628  5.070278
    5.2695985 ]
   ...
   [0.         0.         0.         ... 0.         0.
    0.        ]
   [0.         0.         0.         ... 0.         0.
    0.        ]
   [0.         0.         0.         ... 0.         0.
    0.        ]]]]
[[[[0.         1.         0.99338704 ... 0.32185954 0.6677546
    0.7888966 ]
   [0.         1.         0.15986949 ... 0.41386282 0.6616937
    0.7140726 ]
   [0.         1.         0.1254301  ... 3.9701931  5.070338
    5.2696447 ]
   ...
   [0.         0.         0.         ... 0.         0.
    0.        ]
   [0.         0.         0.         ... 0.         0.
    0.        ]
   [0.         0.         0.         ... 0.         0.
    0.        ]]]]
[[[[0.         1.         0.99392986 ... 0.32121027 0.6682398
    0.79026914]
   [0.         1.         0.1544922  ... 0.4143466  0.6593614
    0.7151345 ]
   [0.         1.         0.12565958 ... 3.9700797  5.0702243
    5.269645  ]
   ...
   [0.         0.         0.         ... 0.         0.
    0.        ]
   [0.         0.         0.         ... 0.         0.
    0.        ]
   [0.         0.         0.         ... 0.         0.
    0.        ]]]]
[[[[0.         1.         0.99261016 ... 0.32153857 0.6688641
    0.79022217]
   [0.         1.         0.14841424 ... 0.4167695  0.6592427
    0.7175875 ]
   [0.         1.         0.12545623 ... 3.9701989  5.070189
    5.2696705 ]
   ...
   [0.         0.         0.         ... 0.         0.
    0.        ]
   [0.         0.         0.         ... 0.         0.
    0.        ]
   [0.         0.         0.         ... 0.         0.
    0.        ]]]]
[[[[0.         1.         0.99393785 ... 0.32290766 0.669034
    0.79022264]
   [0.         1.         0.15849212 ... 0.4136762  0.6613364
    0.72097486]
   [0.         1.         0.12564376 ... 3.9701421  5.070322
    5.269591  ]
   ...
   [0.         0.         0.         ... 0.         0.
    0.        ]
   [0.         0.         0.         ... 0.         0.
    0.        ]
   [0.         0.         0.         ... 0.         0.
    0.        ]]]]
[[[[0.         1.         0.9928966  ... 0.32217902 0.66928995
    0.7883546 ]
   [0.         1.         0.15793355 ... 0.41506952 0.6619772
    0.7168223 ]
   [0.         1.         0.12552054 ... 3.970175   5.0703645
    5.2696033 ]
   ...
   [0.         0.         0.         ... 0.         0.
    0.        ]
   [0.         0.         0.         ... 0.         0.
    0.        ]
   [0.         0.         0.         ... 0.         0.
    0.        ]]]]
[[[[0.         1.         0.990254   ... 0.32242337 0.66985613
    0.78796697]
   [0.         1.         0.15957327 ... 0.41638377 0.6609252
    0.71781135]
   [0.         1.         0.12538375 ... 3.9702692  5.0704513
    5.2695856 ]
   ...
   [0.         0.         0.         ... 0.         0.
    0.        ]
   [0.         0.         0.         ... 0.         0.
    0.        ]
   [0.         0.         0.         ... 0.         0.
    0.        ]]]]
[[[[0.         1.         0.98759556 ... 0.32326955 0.6699946
    0.787635  ]
   [0.         1.         0.16873468 ... 0.4161771  0.66093653
    0.71364814]
   [0.         1.         0.12507729 ... 3.9704342  5.070692
    5.269415  ]
   ...
   [0.         0.         0.         ... 0.         0.
    0.        ]
   [0.         0.         0.         ... 0.         0.
    0.        ]
   [0.         0.         0.         ... 0.         0.
    0.        ]]]]
[[[[0.         1.         0.98798907 ... 0.3245818  0.67042613
    0.78752536]
   [0.         1.         0.1847561  ... 0.41504347 0.6615123
    0.7205241 ]
   [0.         1.         0.12525551 ... 3.9703755  5.0706716
    5.2694135 ]
   ...
   [0.         0.         0.         ... 0.         0.
    0.        ]
   [0.         0.         0.         ... 0.         0.
    0.        ]
   [0.         0.         0.         ... 0.         0.
    0.        ]]]]
[[[[0.         1.         0.9868952  ... 0.321001   0.66999805
    0.7835453 ]
   [0.         1.         0.16598114 ... 0.4147386  0.660228
    0.7206356 ]
   [0.         1.         0.12526338 ... 3.9703603  5.07067
    5.269443  ]
   ...
   [0.         0.         0.         ... 0.         0.
    0.        ]
   [0.         0.         0.         ... 0.         0.
    0.        ]
   [0.         0.         0.         ... 0.         0.
    0.        ]]]]
[[[[0.         1.         0.9852385  ... 0.32394964 0.66962695
    0.78842384]
   [0.         1.         0.17804906 ... 0.4150408  0.66293806
    0.71621054]
   [0.         1.         0.12521932 ... 3.9703414  5.0706015
    5.2694697 ]
   ...
   [0.         0.         0.         ... 0.         0.
    0.        ]
   [0.         0.         0.         ... 0.         0.
    0.        ]
   [0.         0.         0.         ... 0.         0.
    0.        ]]]]
[[[[0.         1.         0.98544204 ... 0.32236424 0.66952175
    0.7833859 ]
   [0.         1.         0.18241836 ... 0.41678154 0.661569
    0.71816456]
   [0.         1.         0.1252601  ... 3.970347   5.070731
    5.2694726 ]
   ...
   [0.         0.         0.         ... 0.         0.
    0.        ]
   [0.         0.         0.         ... 0.         0.
    0.        ]
   [0.         0.         0.         ... 0.         0.
    0.        ]]]]
[[[[0.         1.         0.9827664  ... 0.32455915 0.67001027
    0.78674084]
   [0.         1.         0.18908527 ... 0.4182737  0.66273355
    0.7170508 ]
   [0.         1.         0.12536412 ... 3.9702213  5.070604
    5.2695093 ]
   ...
   [0.         0.         0.         ... 0.         0.
    0.        ]
   [0.         0.         0.         ... 0.         0.
    0.        ]
   [0.         0.         0.         ... 0.         0.
    0.        ]]]]
[[[[0.         1.         0.9849304  ... 0.32453308 0.670449
    0.7860464 ]
   [0.         1.         0.18045081 ... 0.41792008 0.6618257
    0.71767175]
   [0.         1.         0.12540475 ... 3.9703214  5.0707717
    5.2694206 ]
   ...
   [0.         0.         0.         ... 0.         0.
    0.        ]
   [0.         0.         0.         ... 0.         0.
    0.        ]
   [0.         0.         0.         ... 0.         0.
    0.        ]]]]
[[[[0.         1.         0.983431   ... 0.32136488 0.67020065
    0.7836094 ]
   [0.         1.         0.18417923 ... 0.41819453 0.6618551
    0.7200794 ]
   [0.         1.         0.12537222 ... 3.9702642  5.0706954
    5.269492  ]
   ...
   [0.         0.         0.         ... 0.         0.
    0.        ]
   [0.         0.         0.         ... 0.         0.
    0.        ]
   [0.         0.         0.         ... 0.         0.
    0.        ]]]]
[[[[0.         1.         0.98040134 ... 0.32420188 0.6710575
    0.7881363 ]
   [0.         1.         0.1775383  ... 0.4200059  0.66184497
    0.7173494 ]
   [0.         1.         0.12542178 ... 3.9701872  5.0706286
    5.269518  ]
   ...
   [0.         0.         0.         ... 0.         0.
    0.        ]
   [0.         0.         0.         ... 0.         0.
    0.        ]
   [0.         0.         0.         ... 0.         0.
    0.        ]]]]
[[[[0.         1.         0.9764371  ... 0.3141111  0.67228985
    0.7841083 ]
   [0.         1.         0.17270833 ... 0.42114323 0.6629831
    0.71274894]
   [0.         1.         0.12546773 ... 3.9701781  5.070625
    5.269484  ]
   ...
   [0.         0.         0.         ... 0.         0.
    0.        ]
   [0.         0.         0.         ... 0.         0.
    0.        ]
   [0.         0.         0.         ... 0.         0.
    0.        ]]]]
[[[[0.         1.         0.97337174 ... 0.3131334  0.6721617
    0.78456473]
   [0.         1.         0.17169909 ... 0.4252212  0.6617894
    0.7073585 ]
   [0.         1.         0.12557004 ... 3.9700375  5.0705047
    5.269557  ]
   ...
   [0.         0.         0.         ... 0.         0.
    0.        ]
   [0.         0.         0.         ... 0.         0.
    0.        ]
   [0.         0.         0.         ... 0.         0.
    0.        ]]]]
[[[[0.         1.         0.9763984  ... 0.31223464 0.6728993
    0.7864629 ]
   [0.         1.         0.16672322 ... 0.4247948  0.66025853
    0.7048564 ]
   [0.         1.         0.12536095 ... 3.9701147  5.070441
    5.2694883 ]
   ...
   [0.         0.         0.         ... 0.         0.
    0.        ]
   [0.         0.         0.         ... 0.         0.
    0.        ]
   [0.         0.         0.         ... 0.         0.
    0.        ]]]]
[[[[0.         1.         0.9715865  ... 0.31376648 0.6731632
    0.789171  ]
   [0.         1.         0.16466881 ... 0.42612246 0.6608818
    0.70801747]
   [0.         1.         0.12549895 ... 3.9700375  5.0703135
    5.2695446 ]
   ...
   [0.         0.         0.         ... 0.         0.
    0.        ]
   [0.         0.         0.         ... 0.         0.
    0.        ]
   [0.         0.         0.         ... 0.         0.
    0.        ]]]]
[[[[0.         1.         0.9785795  ... 0.31105334 0.6739978
    0.7882368 ]
   [0.         1.         0.16598476 ... 0.42583963 0.6596537
    0.7046064 ]
   [0.         1.         0.12530364 ... 3.9701214  5.0704784
    5.2695103 ]
   ...
   [0.         0.         0.         ... 0.         0.
    0.        ]
   [0.         0.         0.         ... 0.         0.
    0.        ]
   [0.         0.         0.         ... 0.         0.
    0.        ]]]]
[[[[0.         1.         0.9755603  ... 0.31307206 0.6735752
    0.7862507 ]
   [0.         1.         0.17467162 ... 0.38720408 0.6671281
    0.7028048 ]
   [0.         1.         0.12528989 ... 3.9700923  5.0705733
    5.26946   ]
   ...
   [0.         0.         0.         ... 0.         0.
    0.        ]
   [0.         0.         0.         ... 0.         0.
    0.        ]
   [0.         0.         0.         ... 0.         0.
    0.        ]]]]
[[[[0.         1.         0.9722168  ... 0.31233126 0.6739315
    0.7891639 ]
   [0.         1.         0.17047784 ... 0.3866756  0.6675485
    0.7051387 ]
   [0.         1.         0.12538561 ... 3.9701362  5.070505
    5.269549  ]
   ...
   [0.         0.         0.         ... 0.         0.
    0.        ]
   [0.         0.         0.         ... 0.         0.
    0.        ]
   [0.         0.         0.         ... 0.         0.
    0.        ]]]]
[[[[0.         1.         0.97278374 ... 0.31082708 0.6750611
    0.78917867]
   [0.         1.         0.16798069 ... 0.3873114  0.66692275
    0.7029231 ]
   [0.         1.         0.12521362 ... 3.9700637  5.070442
    5.2694736 ]
   ...
   [0.         0.         0.         ... 0.         0.
    0.        ]
   [0.         0.         0.         ... 0.         0.
    0.        ]
   [0.         0.         0.         ... 0.         0.
    0.        ]]]]
[[[[0.         1.         0.9754014  ... 0.3126114  0.6741109
    0.78814095]
   [0.         1.         0.16894963 ... 0.3840856  0.6670098
    0.70507365]
   [0.         1.         0.12520163 ... 3.9701836  5.070574
    5.2694597 ]
   ...
   [0.         0.         0.         ... 0.         0.
    0.        ]
   [0.         0.         0.         ... 0.         0.
    0.        ]
   [0.         0.         0.         ... 0.         0.
    0.        ]]]]
[[[[0.         1.         0.97295445 ... 0.31260532 0.67377234
    0.79068536]
   [0.         1.         0.16854788 ... 0.38483042 0.6672499
    0.7060793 ]
   [0.         1.         0.12534486 ... 3.9700675  5.07049
    5.2695336 ]
   ...
   [0.         0.         0.         ... 0.         0.
    0.        ]
   [0.         0.         0.         ... 0.         0.
    0.        ]
   [0.         0.         0.         ... 0.         0.
    0.        ]]]]
[[[[0.         1.         0.9718531  ... 0.31295764 0.6746139
    0.7902887 ]
   [0.         1.         0.16758297 ... 0.4265657  0.6586214
    0.7012679 ]
   [0.         1.         0.12529898 ... 3.9700325  5.070415
    5.269611  ]
   ...
   [0.         0.         0.         ... 0.         0.
    0.        ]
   [0.         0.         0.         ... 0.         0.
    0.        ]
   [0.         0.         0.         ... 0.         0.
    0.        ]]]]
[[[[0.         1.         0.9754195  ... 0.31248897 0.6742136
    0.7932125 ]
   [0.         1.         0.16776012 ... 0.42539006 0.66001934
    0.7013716 ]
   [0.         1.         0.12512603 ... 3.9702063  5.0705047
    5.2695284 ]
   ...
   [0.         0.         0.         ... 0.         0.
    0.        ]
   [0.         0.         0.         ... 0.         0.
    0.        ]
   [0.         0.         0.         ... 0.         0.
    0.        ]]]]
[[[[0.         1.         0.97880584 ... 0.31185913 0.674108
    0.7908118 ]
   [0.         1.         0.16000913 ... 0.42544675 0.6599104
    0.7000439 ]
   [0.         1.         0.12498298 ... 3.9702015  5.0705023
    5.2695036 ]
   ...
   [0.         0.         0.         ... 0.         0.
    0.        ]
   [0.         0.         0.         ... 0.         0.
    0.        ]
   [0.         0.         0.         ... 0.         0.
    0.        ]]]]
[[[[0.         1.         0.9675249  ... 0.31609988 0.6704966
    0.78668225]
   [0.         1.         0.20572129 ... 0.4267295  0.66098666
    0.6984722 ]
   [0.         1.         0.12572226 ... 3.969817   5.0705414
    5.2696047 ]
   ...
   [0.         0.         0.         ... 0.         0.
    0.        ]
   [0.         0.         0.         ... 0.         0.
    0.        ]
   [0.         0.         0.         ... 0.         0.
    0.        ]]]]
[[[[0.         1.         0.97593987 ... 0.316119   0.67124295
    0.7855195 ]
   [0.         1.         0.1918672  ... 0.42707795 0.6592153
    0.6966093 ]
   [0.         1.         0.12535426 ... 3.970064   5.070697
    5.2694926 ]
   ...
   [0.         0.         0.         ... 0.         0.
    0.        ]
   [0.         0.         0.         ... 0.         0.
    0.        ]
   [0.         0.         0.         ... 0.         0.
    0.        ]]]]